15
0 9 17 2 3 8 9 17 14 18 14 3 11 15 10 
9 0 11 4 12 16 11 2 19 14 14 18 12 16 13 
17 11 0 14 9 13 9 1 16 1 3 17 2 2 13 
2 4 14 0 11 15 9 16 11 11 6 16 7 14 6 
3 12 9 11 0 15 17 7 16 7 6 1 13 17 2 
8 16 13 15 15 0 11 9 13 7 1 7 16 9 6 
9 11 9 9 17 11 0 11 15 7 14 10 10 3 18 
17 2 1 16 7 9 11 0 12 11 16 10 16 12 8 
14 19 16 11 16 13 15 12 0 11 10 17 10 1 2 
18 14 1 11 7 7 7 11 11 0 6 10 9 18 16 
14 14 3 6 6 1 14 16 10 6 0 19 12 15 17 
3 18 17 16 1 7 10 10 17 10 19 0 8 4 19 
11 12 2 7 13 16 10 16 10 9 12 8 0 15 3 
15 16 2 14 17 9 3 12 1 18 15 4 15 0 11 
10 13 13 6 2 6 18 8 2 16 17 19 3 11 0 